2792229
2828116
2775111
2702079
2787819
2715410
2658948
2858210
2650360
2741094
2731042
2756983
2726172
2622006
2880329
2779488
2700553
2905445
2631091
2725753
2788319
2820636
2785336
2872224
2564973
2797971
2812481
2633247
2648096
2831135
2823380
2857571
2680573
2796645
2822960
3023198
2834505
2871216
2854875
2747727
2805792
2734816
2821471
2723074
2655359
2864036
2671142
2683066
2792899
2807133
2697932
2680135
2696794
2888329
2953241
2715890
2796845
2663860
2750490
2729351
2713789
2860116
2761499
2792835
2786172
2612056
2894229
2896254
2709425
2768368
2718599
2861899
2727818
2688877
2750679
2865947
2739766
2734913
2838961
2708592
2801319
2770244
2841152
2741828
2921922
2735613
2707365
2716055
2684197
2788311
2811948
2790625
2831384
2772561
2757408
2777439
2834079
2815514
2734976
2784634
2740913
2785910
2740019
2701269
2756880
2698060
2748853
2947338
2923536
2700285
2828528
2707468
2840213
2759655
2601535
2867318
2783057
2814124
2678728
2842127
2660755
2742488
2833133
2884665
2800917
2867138
2706708
2681312
2923937
2798450
2626684
2658913
2723914
2751880
2768113
2759261
2746361
2675033
2673398
2825291
2637688
2746426
2813303
2803693
2732714
2809715
2680658
2766872
2686608
2841124
2865360
2738801
2778911
2772966
2860012
2701155
2812103
2713505
2812763
2660401
2673604
2746305
2807216
2753119
2775099
2696475
2712163
2824274
2654930
2830656
2761863
2843200
2777594
2954949
2793478
2674235
2630120
2745050
2766010
2813365
2816658
2805983
2920484
2771611
2674735
2827021
2711487
2758769
2861695
2722568
2826645
2788919
2704557
2717218
2771568
2835964
2828066
2734050
2692037
2874865
2738118
2633887
2854995
2926677
2805783
2665832
2816663
2673638
2959927
2779004
2767577
2693706
2745383
2675827
2862254
2836830
2704624
2756230
2754737
2908854
2706123
2524698
2603877
2741497
2737453
2722595
2795850
2747745
2747420
2788792
2835529
2825522
2765156
2820228
2808220
2763096
2739890
2745941
2676942
2912856
2746816
2877093
2789988
2790800
2830175
2761081
2672499
2747725
2821333
2836412
2665443
2764185
2700296
2773082
2868590
2839777
2817339
2842336
2767672
2867573
2675788
2728834
2887995
2832750
2756876
2631648
2773701
2789664
2759865
2823319
2830166
2569977
2826471
2785283
2652298
2705878
2889006
2712966
2727429
2718487
2725810
2771843
2747216
2720441
2839255
2821590
2692053
2810765
2775538
2771915
2970046
2843338
2757829
2746362
2812726
2793716
2883789
2771046
2768095
2724346
2747309
2771298
2832992
2778514
2941059
2719966
2751261
2681692
2711288
2830253
2627401
2849611
2891630
2819388
2930703
2686219
2728924
2688451
2800907
2809033
2828869
2602170
2703180
2727285
2830756
2793112
2741099
2797026
2774905
2692230
2731529
2852626
2672467
2707740
2808657
2663888
2613540
2878742
2774587
2709189
2876417
2850941
2723480
2738827
2806973
2783895
2813167
2875335
2790908
2805460
2783766
2640816
2790087
2647255
2749789
2682640
2645355
2932219
2605613
2907735
2821570
2721418
2813129
2778943
2696337
2790903
2832361
2774097
2761941
2880156
2789792
2667337
2794161
2761047
2850154
2751290
2736085
2884150
2757575
2820201
2747306
2794301
2743027
2708363
2822470
2866673
2631486
2902907
2633372
2804331
2749530
2853346
2845805
2762168
2881162
2676006
2709041
2908287
2701716
2790201
2774863
2740373
2798000
2766021
2684318
2768705
2698087
2836586
2758751
2790800
2751331
2726893
2747818
2693441
2734186
2669614
2742686
2819110
2825471
2835177
2651267
2781823
2729818
2739876
2794506
2899861
2689883
2702797
2815564
2751464
2710070
2790003
2728580
2650810
2812813
2810063
2724070
2706648
2874539
2767294
2652967
2758493
2740852
2656856
2626283
2751437
2681305
2909201
2800577
2742163
2749717
2816312
2756485
2893007
2709664
2664356
2605166
2692731
2891782
2738298
2679083
2799505
2761785
2905057
2674803
2751511
2675914
2758849
2751318
2877597
2754233
2736444
2837358
2687451
2776181
2886785
2771804
2726923
2761258
2823508
2895874
2708889
2649031
2732325
2713122
2683019
2658456
2677381
2760825
2757901
2837813
2759204
2758543
2684131
2787594
2663606
2795845
2933617
2731779
2749520
2693030
2823405
2707649
2746560
2615901
2697535
2726718
2703828
2731344
2660922
2649836
2855047
2749016
2828449
2803828
2716259
2725699
2699241
2825132
2833272
2767206
2847236
2863663
2717842
2759871
2759598
2911228
2797584
2726275
2776716
2665004
2741292
2682247
2783067
2735848
2821362
2708419
2798143
2768518
2731070
2791513
2786286
2793765
2697954
2787700
2699795
2885886
2854999
2762044
2745508
2667864
2683081
2864883
2832980
2756344
2705434
2784508
2720574
2744123
2752014
2893927
2702260
2824220
2631917
2789327
2782954
2805695
2803151
2768308
2804191
2827309
2779254
2765296
2820698
2781113
2776975
2658779
2780250
2798902
2792879
2897603
2832017
2702388
2691661
2765635
2756531
2759645
2878546
2914106
2936095
2651704
2810115
2754513
2825918
2741320
2808488
2651053
2918051
2840502
2837540
2811212
2758098
2718931
2745807
2864721
2764835
2825265
2801876
2748398
2756093
2717493
2677096
2634861
2703515
2569903
2633155
2764168
2739693
2808026
2720478
2798922
2707572
2705370
2828435
2760280
2856582
2787864
2754311
2670741
2709583
2798311
2689526
2745701
2892803
2685625
2681231
2792009
2854837
2824215
2740695
2770145
2762497
2679070
2684424
2789512
2779263
2802024
2858100
2855691
2734993
2731887
2713375
2753587
2901396
2832756
2836611
2718921
2621229
2759482
2798536
2913788
2860816
2742717
2804425
2835597
2589410
2773609
2785421
2820605
2845679
2920373
2700613
2787334
2789594
2744437
2586696
2868899
2788045
2840184
2739338
2727503
2799629
2873194
2819918
2758904
2869881
2747862
2944443
2882784
2770262
2796352
2765222
2910780
2724868
2816191
2713388
2813240
2920861
2686574
2746494
2840791
2774864
2901655
2821035
2649723
2649598
2745264
2642317
2770698
2772747
2909565
2803816
2778728
2755630
2769137
2760977
2717941
2703005
2673296
2753032
2729820
2771480
2740026
2739549
2881312
2801231
2858051
2761170
2625139
2725189
2713144
2878708
2742673
2739632
2740987
2706412
2815644
2791948
2760240
2645418
2743245
2674994
2732547
2772643
2759799
2724284
2821778
2736079
2676031
2723486
2755633
2703667
2809083
2796547
2737527
2750377
2799253
2639595
2721091
2638934
2734022
2959198
2751803
2750489
2680022
2833017
2792222
2786923
2808859
2906362
2834812
2808394
2842783
2791181
2809343
2682779
2770373
2782272
2763941
2696054
2695077
2732154
2751312
2740578
2740436
2707341
2896699
2776994
2734565
2747172
2607998
2842608
2721583
2738929
2749018
2674608
2653340
2681819
2751204
2612650
2860451
2821259
2737114
2785862
2797365
2806379
2671853
2729232
2698273
2591909
2824131
2794134
2724953
2745958
2730633
2836515
2844727
2714170
2795750
2702432
2798423
2724506
2706043
2718463
2914331
2769247
2839523
2802185
2761061
2778915
2854677
2763025
2852315
2771005
2681768
2773789
2787654
2747688
2748217
2903629
2698606
2763432
2764632
2658826
2861103
2765354
2781614
2653346
2626327
2788133
2807476
2823152
2790803
2771693
2890968
2799696
2664237
2785674
2629631
2692625
2832528
2741309
2744852
2845519
2871880
2726693
2855473
2710193
2809156
2801851
2757107
2766352
2688565
2821289
2661361
2773136
2717237
2688276
2739223
2738071
2743776
2709545
2760222
2766178
2749920
2694501
2823533
2640387
2676658
2792047
2700027
2735458
2641075
2774583
2709880
2604748
2839689
2843840
2760527
2930534
2752378
2701600
2770011
2739431
2773465
2835290
2815328
2926325
2847984
2754313
2777861
2815075
2806246
2855926
2699552
2804338
2726523
2819702
2795418
2787022
2829154
2774369
2847380
2845849
2910153
2788659
2662075
2673947
2820699
2764236
2895992
2861768
2788537
2801720
2830948
2686990
2841497
2579704
2745890
2785869
2818668
2756156
2799120
2742719
2739323
2739193
2870273
2770792
2675627
2907678
2706814
2689582
2733896
2815631
2784477
2698467
2594375
2794124
2656955
2762657
2772660
2739609
2818627
2726802
2739063
2903331
2776444
2746194
2673909
2668888
2678284
2823841
2803001
2811928
2713748
2878298
2850855
2757009
2834908
2714971
2721345
2653423
2773127
2639791
2777934
2672731
2737620
2609392
2819576
2751515
2767877
2700474
2623565
2851617
2683470
2797614
2656915
2604706
2732633
2833147
2645023
2789094
2819359
2644171
2773121
2721278
2858376
2773110
2865771
2851657
2887353
2753154
2648892
2743528
2786339
2706788
2748011
2695409
2817593
2671845
2797706
2850237
2815991
2807465
2739278
2856269
2814414
2693508
2743241
2741384
2883833
2641330
2693323
2804606
2716838
2829460
2681902
2753218
2735305
2839320
2753351
2868565
2836616
2737829
2792882
2828035
2746536
2669055
2770862
2732299
2751515
2787329
2664930
2768083
2694467
2772003
2751932
2804300
2945400
2701980
2875066
2825955
2832015
2830913
2782854
2890184
2714743
2762318
2740523
2840072
2735289
2814419
2797058
2754700
2718243
2749078
2795039
2701760
2733442
2809617
2709404
2693257
2760477
2829096
2695621
2692721
2765940
2819636
2706355
2753154
2745198
2811895
2714235
2838415
2784734
2775166
2613378
2752961
2675581
2883388
2860343
2810070
2890123
2731243
2821255
2684745
2804451
2800412
2782666
2851927
2622822
2886913
2758625
2768811
2776460
2825069
2746439
2795556
2672391
2818266
2791958
2667923
2848179
2797223
2763003
2801562
2677281
2713675
2659890
2739603
2897699
2676101
2695992
2697260
2854821
2752758
2799687
2775035
2724861
2828798
2884827
2795318
2718333
2716191
2743573
2806926
2756897
2814959
2652859
2747172
2726758
2732712
2723653
2790033
2839243
2782154
2883564
2872887
2775339
2737978
2831186
2817879
2834387
2701269
2744365
2659018
2806592
2674287
2744018
2738553
2721722
2641020
2715665
2745070
2747378
2796373
2755746
2572498
2735318
2661544
2785337
2838734
2840961
2743727
2761811
2737569
2653183
2638842
2761686
2732428
2786404
2829283
2794287
2711743
2800090
2764970
2849998
2642152
2759766
2789348
2814618
2705661
2695880
2790646
2795194
2876791
2814688
2703854
2822315
2627246
2851057
2765380
2678277
2697137
2790775
2792708
2800243
2827672
2801670
2766085
2713427
2691167
2711623
2630234
2801091
2725887
2801517
2709073
2756413
2650845
2706803
2788593
2670410
2680029
2762296
2763810
2715979
2765289
2710881
2695817
2675637
2694662
2742885
2726915
2849673
2807601
2765580
2808371
2776166
2666413
2847826
2719835
2744073
2643448
2759736
2833551
2938599
2888696
2778028
2908407
2607631
2737316
2641687
2851086
2773348
2876312
2709496
2846161
2718955
2777930
2905876
2786526
2647881
2701907
2771144
2821353
2732459
2720589
2690578
2737196
2743906
2832296
2841937
2832594
2739377
2694193
2740992
2762684
2771830
2776683
2819718
2748010
2692556
2736532
2757202
2708828
2863207
2894620
2712063
2812254
2683217
2753602
2783724
2725451
2763376
2606864
2688541
2796213
2687383
2750047
2684706
2747123
2768710
2823771
2873386
2646182
2735281
2802378
2728637
2691727
2788238
2760495
2687009
2884838
2646909
2810863
2749741
2696855
2678089
2629187
2890544
2752202
2751454
2659429
2777161
2793663
2759903
2721923
2679556
2744847
2766715
2805201
2769115
2767798
2771559
2734847
2835874
2824155
2729501
2836563
2777728
2859701
2764918
2769585
2778936
2824580
2809805
2801736
2698916
2835720
2727844
2828889
2800281
2713765
2797777
2702178
2800150
2730411
2777762
2726372
2892956
2690979
2720086
2681269
2765070
2867233
2851651
2729309
2737977
2716912
2710243
2754576
2781534
2752325
2868455
2677199
2962906
2829730
2740944
2770162
2842233
2664023
2842882
2702457
2823572
2785581
2670270
2768706
2908986
2898285
2730160
2795110
2774648
2753875
2743265
2697129
2847004
2849178
2739077
2630129
2806948
2690734
2764331
2872151
2675116
2814933
2675950
2595468
2762117
2765559
2723200
2763545
2745716
2778765
2760359
2714651
2675240
2704615
2779863
2796913
2827232
2755040
2775872
2802110
2566396
2663899
2841641
2824651
2789822
2795614
2567510
2706636
2679408
2569384
2840034
2669165
2694367
2911700
2783037
2818151
2762648
2776696
2760082
2698721
2627277
2703625
2660937
2685995
2745069
2821296
2854882
2708189
2723045
2754530
2686689
2608072
2838267
2694853
2761333
2846961
2794563
2835039
2664962
2790716
2791828
2756695
2755849
2653060
2935619
2734685
2778270
2736737
2794567
2836019
2757520
2639037
2722552
2740509
2868363
2848470
2728808
2784911
2667104
2827315
2743181
2777498
2740745
2809603
2773774
2720611
2651916
2707894
2658431
2762686
2816721
2804195
2740136
2816733
2738521
2755888
2925487
2770275
2805960
2789048
2676869
2751228
2726044
2771589
2645147
2806664
2704561
2697597
2886290
2846188
2784724
2846246
2807900
2788929
2764826
2712484
2770201
2784729
2680486
2675673
2792810
2785528
2880650
2630529
2787292
2687990
2825295
2894173
2757762
2787314
2716345
2679079
2720578
2829967
2819216
2632761
2845634
2662101
2737072
2753097
2771237
2799095
2752941
2746515
2808366
2746787
2822463
2704994
2871640
2860948
2804332
2726838
2821478
2773448
2723723
2700264
2817194
2754224
2769104
2683783
2758799
2541580
2952082
2728464
2725719
2819493
2861757
2825738
2777960
2708069
2822537
2833701
2789403
2736131
2922961
2731626
2734546
2740279
2860126
2860416
2661622
2873683
2646036
2839807
2705995
2780319
2779127
2815929
2740918
2799615
2716244
2850395
2716060
2722878
2808604
2845397
2857133
2716943
2790008
2810790
2703558
2805952
2656694
2841966
2770833
2647052
2840646
2815223
2755674
2861093
2755124
2720618
2816109
2885385
2758693
2754219
2807077
2791372
2813539
2754329
2756878
2771726
2786184
2788753
2745337
2676927
2757982
2786975
2787356
2776015
2681204
2824780
2679982
2770057
2773954
2782104
2792895
2749441
2762701
2740728
2764381
2735262
2655137
2733311
2915747
2821929
2868817
2821226
2695166
2865670
2790769
2753186
2740146
2629566
2767545
2730508
2727572
2813181
2770119
2613184
2837955
2874022
2807722
2739532
2769216
2671657
2721549
2784397
2722373
2851144
2796081
2804365
2747242
2745753
2778058
2754873
2756027
2814263
2775982
2778574
2753758
2677976
2709950
2793465
2783344
2737136
2804354
2784093
2738386
2754283
2769643
2854489
2895088
2759860
2753757
2898614
2727688
2845122
2722056
2860578
2746277
2856259
2777260
2670879
2793723
2742440
2769104
2742168
2639918
2751267
2787503
2815919
2814609
2886404
2730665
2742099
2669480
2845792
2741297
2702346
2772840
2932768
2775631
2812630
2772497
2645574
2796281
2699527
2786596
2734202
2622778
2725262
2690962
2762639
2752263
2684312
2652749
2711728
2902451
2817914
2790375
2984847
2758484
2823921
2725145
2746372
2842868
2903646
2682843
2828393
2773546
2746568
2742425
2812300
2807944
2897845
2754515
2834537
2761943
2766516
2607325
2614159
2763391
2819562
2844043
2878020
2795559
2680731
2735591
2760521
2768623
2798987
2872847
2669706
2845938
2692334
2707306
2694965
2731046
2830143
2847209
2813856
2766785
2724861
2685010
2711895
2743240
2797918
2682184
2836440
2751108
2761463
2844110
2793819
2927657
2797371
2758789
2811614
2784221
2786991
2769980
2699594
2699489
2798561
2765603
2765101
2778789
2888940
2759793
2771957
2610164
2850436
2817003
2894508
2780798
2808986
2825668
2775586
2745252
2779235
2824258
2814774
2856198
2838128
2678482
2818507
2763671
2842572
2667634
2849130
2816349
2727808
2692315
2789731
2828935
2751699
2804438
2715958
2795213
2862256
2806731
2703594
2773266
2767190
2818871
2802144
2754200
2740952
2633450
2571231
2763302
2772144
2853154
2821595
2875833
2754777
2726865
2710978
2822694
2914235
2838622
2733341
2745805
2903328
2791835
2871175
2937130
2849815
2723828
2762858
2666290
2768861
2736104
2717144
2795101
2928967
2786239
2823368
2726671
2686971
2822146
2779408
2703470
2798848
2618381
2745725
2868422
2790542
2726969
2852789
2729173
2740506
2692052
2768981
2756759
2769104
2778167
2821369
2831519
2792758
2779627
2856461
2842744
2641470
2629152
2756101
2808592
2768977
2765573
2841020
2810888
2717097
2789864
2844039
2791699
2683096
2791538
2789677
2783849
2720678
2778600
2943254
2786667
2717809
2737607
2922852
2556559
2646679
2671738
2845675
2765725
2775153
2706345
2656778
2736795
2780296
2718535
2791445
2832211
2788546
2848541
2781946
2673390
2795311
2810782
2703267
2900598
2724534
2772410
2803357
2788754
2850313
2749393
2800318
2713558
2748206
2772491
2753767
2739027
2748845
2703271
2783824
2656462
2707837
2785931
2677702
2811463
2881328
2737186
2828997
2881227
2801985
2727045
2696813
2839292
2907380
2729323
2744594
2811045
2823498
2841549
2844528
2859078
2761187
2749675
2721842
